355304104097	355304104097
841828656656	841828656656
122168398367	122168398367
764477868003	764477868003
564552274139	564552274139
72320185735	72320185735
818821808458	818821808458
640197847867	640197847867
234627787774	234627787774
277726368105	277726368105
380681762412	380681762412
837934619807	837934619807
343428550980	343428550980
963177273463	963177273463
847771404303	847771404303
77566889222	77566889222
537811313131	537811313131
699545979742	699545979742
89954471322	89954471322
640375114201	640375114201
175306684228	175306684228
893308027427	893308027427
313117830481	313117830481
76370154210	76370154210
600393173416	600393173416
747705674550	747705674550
492772710862	492772710862
915137210989	915137210989
96753459697	96753459697
131704929700	131704929700
621841998541	621841998541
53066888784	53066888784
615268763467	615268763467
1078774758996	1078774758996
556819996442	556819996442
775898026673	775898026673
21421176218	21421176218
868205359551	868205359551
640719988804	640719988804
343518813615	343518813615
FAM731147	930181169347
580388333801	580388333801
117721629483	117721629483
697300981773	697300981773
884710244445	884710244445
789621748124	789621748124
777649271161	777649271161
616351101752	616351101752
280519844383	280519844383
553403693548	553403693548
804420850624	804420850624
753820362444	753820362444
40321575829	40321575829
565810616142	565810616142
694891367910	694891367910
757704020662	757704020662
788763531735	788763531735
600483834097	600483834097
989217076850	989217076850
527364451107	527364451107
452832682964	452832682964
24592128388	24592128388
839931022731	839931022731
1068280974642	1068280974642
260391498742	260391498742
1006479865835	1006479865835
346937679903	346937679903
1030690750539	1030690750539
41833628301	41833628301
868462287714	868462287714
629866058448	629866058448
788168924651	788168924651
387934011217	387934011217
457169155412	457169155412
950447442486	950447442486
155874369661	155874369661
248204114836	248204114836
210956737218	210956737218
93995147592	93995147592
174657777841	174657777841
326587817995	326587817995
190166985792	190166985792
1025322989525	1025322989525
67798624618	67798624618
627749783310	627749783310
142516631428	142516631428
525820995479	525820995479
296222786789	296222786789
450844795497	450844795497
474550956215	474550956215
1033832099382	1033832099382
914833655464	914833655464
647733338292	647733338292
12178851258	12178851258
592895520368	592895520368
692658894283	692658894283
88929544977	88929544977
834764645892	834764645892
179321850715	179321850715
440483387028	440483387028
658357606884	658357606884
492064931452	492064931452
147562698614	147562698614
803075268023	803075268023
720770801104	720770801104
939618274358	939618274358
171753836502	171753836502
774492726501	774492726501
589890231617	589890231617
324759918232	324759918232
920227433992	920227433992
794470542076	794470542076
39621352669	39621352669
653928740604	653928740604
684830820651	684830820651
93482703814	93482703814
FAM577147	517860720339
255890947166	255890947166
209966725714	209966725714
23311129473	23311129473
780973386788	780973386788
324653901075	324653901075
376846289537	376846289537
704547407002	704547407002
991228141851	991228141851
FAM549952	738820724474
982070863747	982070863747
798294359914	798294359914
334659634021	334659634021
102311505453	102311505453
417486854138	417486854138
584451191269	584451191269
306321051003	306321051003
50497760084	50497760084
1054978880875	1054978880875
334926467099	334926467099
182217315873	182217315873
929878509490	929878509490
562977444219	562977444219
161942201080	161942201080
71463705416	71463705416
553977923582	553977923582
824918063171	824918063171
659041414650	659041414650
672377576193	672377576193
423662637717	423662637717
1020317416229	1020317416229
698144184786	698144184786
474579591626	474579591626
941430156533	941430156533
348047767553	348047767553
613658263343	613658263343
619465969331	619465969331
681730278122	681730278122
1021410489793	1021410489793
72769486153	72769486153
848512737232	848512737232
639748349041	639748349041
693474960164	693474960164
967264100311	967264100311
975454795890	975454795890
282181465086	282181465086
655785246139	655785246139
956495516975	956495516975
390529962681	390529962681
1039672552875	1039672552875
1018988141571	1018988141571
1014700469808	1014700469808
726049965854	726049965854
321596169550	321596169550
490792139468	490792139468
845436225726	845436225726
514245588395	514245588395
993771444989	993771444989
11076469300	11076469300
589718926639	589718926639
159009100316	159009100316
1073432757990	1073432757990
1092170961881	1092170961881
1019507269125	1019507269125
1086442391078	1086442391078
471596040119	471596040119
29262718967	29262718967
382997012714	382997012714
747204520218	747204520218
237391809812	237391809812
473546052668	473546052668
587490850163	587490850163
497894549951	497894549951
862446282054	862446282054
749371008238	749371008238
435866385591	435866385591
739363453023	739363453023
602832827292	602832827292
880278319666	880278319666
950685498617	950685498617
378399969715	378399969715
194606098534	194606098534
1089256111045	1089256111045
832410527078	832410527078
90642926201	90642926201
359825833576	359825833576
618791578750	618791578750
545099350809	545099350809
495625583003	495625583003
374201208647	374201208647
893821716295	893821716295
605813546166	605813546166
604057329091	604057329091
785528773543	785528773543
632141264996	632141264996
698388366782	698388366782
718445178168	718445178168
607922752203	607922752203
13939411695	13939411695
478582797685	478582797685
942748340802	942748340802
146023355890	146023355890
986167516374	986167516374
909411886518	909411886518
858083116567	858083116567
411052452151	411052452151
420371275730	420371275730
390425569759	390425569759
445910880208	445910880208
648641883403	648641883403
488407997342	488407997342
935029621795	935029621795
1077777372523	1077777372523
676806171492	676806171492
335841030663	335841030663
229416872637	229416872637
675124169715	675124169715
668322521698	668322521698
71979404934	71979404934
241313793585	241313793585
1057098404978	1057098404978
406726240420	406726240420
651555873188	651555873188
921555179837	921555179837
792550693325	792550693325
1052855076515	1052855076515
405557242739	405557242739
9953144736	9953144736
747488362685	747488362685
994721397460	994721397460
953621555394	953621555394
807784200098	807784200098
690791594659	690791594659
869855381262	869855381262
271865368110	271865368110
888008713979	888008713979
218691423570	218691423570
536366128906	536366128906
97266529410	97266529410
590842939409	590842939409
645094492230	645094492230
351118144297	351118144297
270396009766	270396009766
827056142410	827056142410
329137931648	329137931648
220436592597	220436592597
871503629328	871503629328
466032593690	466032593690
945428779918	945428779918
19973831633	19973831633
625803626914	625803626914
901869970120	901869970120
542081748217	542081748217
622946315550	622946315550
328072656292	328072656292
146708340257	146708340257
965224342100	965224342100
375676110170	375676110170
73394788687	73394788687
598107071516	598107071516
86801174776	86801174776
256180613729	256180613729
588402766640	588402766640
727420135118	727420135118
661339257955	661339257955
885233635096	885233635096
760807238747	760807238747
965658955769	965658955769
224876507850	224876507850
576113382320	576113382320
903973025107	903973025107
356514268536	356514268536
127370354758	127370354758
741166797335	741166797335
392663097358	392663097358
386554237424	386554237424
989074194843	989074194843
204040816602	204040816602
1065433311720	1065433311720
165044839023	165044839023
559632559889	559632559889
1044978141091	1044978141091
843341199414	843341199414
108170292963	108170292963
183795836345	183795836345
479562400558	479562400558
871626784865	871626784865
58331799667	58331799667
589905345016	589905345016
847841495833	847841495833
1012327149124	1012327149124
887120015219	887120015219
531864733599	531864733599
721852060819	721852060819
36747501954	36747501954
810404292287	810404292287
170978909563	170978909563
337386776063	337386776063
684137715176	684137715176
93082002346	93082002346
603911922465	603911922465
304181616538	304181616538
150779636007	150779636007
9248658168	9248658168
627354681748	627354681748
970964535230	970964535230
911645525892	911645525892
77808679659	77808679659
1089533663703	1089533663703
1094012895260	1094012895260
416061865518	416061865518
671956076854	671956076854
360854758210	360854758210
1063270372234	1063270372234
412515528424	412515528424
206401618913	206401618913
724821283598	724821283598
989748534233	989748534233
748547262280	748547262280
261840077075	261840077075
287463345351	287463345351
909683223457	909683223457
546111661996	546111661996
703177017176	703177017176
704534986377	704534986377
882792876976	882792876976
239910854481	239910854481
682587940619	682587940619
466607315461	466607315461
38273762154	38273762154
223639320657	223639320657
14421695512	14421695512
103284846610	103284846610
729323180550	729323180550
123451997960	123451997960
252886062823	252886062823
1082413433561	1082413433561
796141970880	796141970880
987840643658	987840643658
869341798878	869341798878
647790204403	647790204403
957759261457	957759261457
462547704509	462547704509
735730288842	735730288842
1062261843726	1062261843726
313584972623	313584972623
940373387280	940373387280
758788283549	758788283549
1037263612833	1037263612833
274021509345	274021509345
961705215352	961705215352
864912172643	864912172643
763612032268	763612032268
549588636681	549588636681
565747801409	565747801409
820141212265	820141212265
325152158094	325152158094
506591290590	506591290590
878712253339	878712253339
136954853548	136954853548
959232603192	959232603192
762890273110	762890273110
376711109979	376711109979
1082237060075	1082237060075
388882058617	388882058617
643616486875	643616486875
131771292299	131771292299
427185237173	427185237173
258226391053	258226391053
208474789328	208474789328
698908487529	698908487529
122127803728	122127803728
731969445371	731969445371
188975365623	188975365623
1058769906538	1058769906538
1072673042616	1072673042616
794909090446	794909090446
1045252882766	1045252882766
608612424127	608612424127
889150237458	889150237458
696299749073	696299749073
1029400414831	1029400414831
189204210066	189204210066
644301833811	644301833811
908748284461	908748284461
225916829590	225916829590
848531943507	848531943507
738422940579	738422940579
48927465263	48927465263
833214967890	833214967890
442312119263	442312119263
403306588686	403306588686
275082287851	275082287851
423313232475	423313232475
509041110209	509041110209
90988520025	90988520025
613413331787	613413331787
174281354802	174281354802
501356073406	501356073406
853961659393	853961659393
920105492084	920105492084
938524454263	938524454263
283726258228	283726258228
303604256147	303604256147
465935138686	465935138686
806995405715	806995405715
871199900073	871199900073
48528203267	48528203267
483005404438	483005404438
12744981495	12744981495
20406665316	20406665316
798344380475	798344380475
255911245127	255911245127
914869777656	914869777656
55499716093	55499716093
326741218490	326741218490
523711956898	523711956898
654047395434	654047395434
330296124005	330296124005
684645143343	684645143343
370437419723	370437419723
1067552725235	1067552725235
345719145153	345719145153
97131209928	97131209928
68624459437	68624459437
1081034752535	1081034752535
229580958108	229580958108
876604061437	876604061437
52216441033	52216441033
18892746153	18892746153
831289152302	831289152302
816284279650	816284279650
1014505755516	1014505755516
860623502931	860623502931
549173679969	549173679969
176410415690	176410415690
69827609852	69827609852
385267278175	385267278175
766224393688	766224393688
47424475382	47424475382
884284674128	884284674128
693160167601	693160167601
322578172948	322578172948
46658801971	46658801971
210052478391	210052478391
757082982969	757082982969
219435318440	219435318440
347819230956	347819230956
1086565695254	1086565695254
860241245743	860241245743
28040877564	28040877564
666273899908	666273899908
290822728390	290822728390
726290120898	726290120898
692957448066	692957448066
951421272907	951421272907
716189618524	716189618524
336309964336	336309964336
192871900982	192871900982
299960527116	299960527116
1092453899014	1092453899014
661449387741	661449387741
189051594177	189051594177
883797706258	883797706258
227759472950	227759472950
90620118533	90620118533
845275437638	845275437638
852407608814	852407608814
526923376825	526923376825
44002872147	44002872147
839689619501	839689619501
1086532522237	1086532522237
520742489325	520742489325
69588477116	69588477116
591967056283	591967056283
519021832058	519021832058
755002771250	755002771250
204707817568	204707817568
748119882476	748119882476
750752987	750752987
592180321565	592180321565
80642210483	80642210483
152046494507	152046494507
253440065734	253440065734
797629082542	797629082542
1063516764835	1063516764835
492737416757	492737416757
777371780834	777371780834
792790185336	792790185336
347431827732	347431827732
905332511054	905332511054
101427352331	101427352331
388642946134	388642946134
904381354991	904381354991
800539918580	800539918580
860818668254	860818668254
287788274511	287788274511
106537294878	106537294878
646045669358	646045669358
1058485441693	1058485441693
38119849237	38119849237
859749266561	859749266561
945248925804	945248925804
429971535654	429971535654
278549587472	278549587472
FAM73003	827349007358
95754092025	95754092025
381343357746	381343357746
389646443252	389646443252
706755134501	706755134501
1090059358655	1090059358655
51118684038	51118684038
1077241600711	1077241600711
574127428208	574127428208
600571933054	600571933054
810005583427	810005583427
614299267632	614299267632
755377021597	755377021597
849766996983	849766996983
828850164105	828850164105
1058491016802	1058491016802
908893068180	908893068180
672199985540	672199985540
1079194396861	1079194396861
86282528425	86282528425
1073466806705	1073466806705
843250921698	843250921698
771596639195	771596639195
888256021708	888256021708
8591175911	8591175911
346424004150	346424004150
196492096229	196492096229
447653471214	447653471214
466195905401	466195905401
259764437048	259764437048
182272449367	182272449367
440792268182	440792268182
186568204156	186568204156
358987984601	358987984601
FAM898271	719080549069
300433924118	300433924118
291270346369	291270346369
914819296566	914819296566
860501220501	860501220501
740645017427	740645017427
753434662860	753434662860
945386927763	945386927763
660574762288	660574762288
218285736208	218285736208
192824881885	192824881885
458449083428	458449083428
640880022226	640880022226
956914134493	956914134493
476797921617	476797921617
1067640622428	1067640622428
356938677380	356938677380
1056792428438	1056792428438
452550586302	452550586302
118049560950	118049560950
35024091255	35024091255
1086257099823	1086257099823
863087057177	863087057177
419042487295	419042487295
48610509826	48610509826
156045868444	156045868444
16101560516	16101560516
330829012270	330829012270
970795069202	970795069202
330701750153	330701750153
1098918068256	1098918068256
40438400917	40438400917
435018184117	435018184117
74633849991	74633849991
824742531533	824742531533
460534709467	460534709467
143806214815	143806214815
410255477768	410255477768
416384713791	416384713791
570669279121	570669279121
FAM231115	744969550573
402794093369	402794093369
706347965801	706347965801
340297891019	340297891019
878385295048	878385295048
808718673313	808718673313
257246184909	257246184909
156079848260	156079848260
452423890813	452423890813
561800788556	561800788556
29284606161	29284606161
488555208339	488555208339
378204585647	378204585647
936196844588	936196844588
230978031532	230978031532
312266142265	312266142265
643210194727	643210194727
41961949399	41961949399
1043770871218	1043770871218
148802493287	148802493287
911460758582	911460758582
205872047412	205872047412
349564545675	349564545675
180130395530	180130395530
319295503075	319295503075
546147851192	546147851192
793027181421	793027181421
997833666959	997833666959
732118964457	732118964457
4389838310	4389838310
947126613067	947126613067
607385817132	607385817132
1071581371125	1071581371125
552279649087	552279649087
310539876098	310539876098
420822396647	420822396647
358801522098	358801522098
293041492865	293041492865
235913524203	235913524203
492808916160	492808916160
716677661770	716677661770
123957245143	123957245143
591160444296	591160444296
1003493872785	1003493872785
31592145394	31592145394
349426305124	349426305124
816992907039	816992907039
829426127746	829426127746
300387525131	300387525131
1015406674562	1015406674562
920825622046	920825622046
77603524300	77603524300
272592510873	272592510873
802318392476	802318392476
319477982721	319477982721
897641306703	897641306703
993038841913	993038841913
795354172650	795354172650
528447745916	528447745916
590277669025	590277669025
879114381136	879114381136
1046255248492	1046255248492
109772913014	109772913014
345223346296	345223346296
402046617319	402046617319
37003185103	37003185103
909239187560	909239187560
1089060951542	1089060951542
272440398580	272440398580
742056055436	742056055436
526016782389	526016782389
259164849571	259164849571
282776297643	282776297643
884439991024	884439991024
310274778917	310274778917
324344922757	324344922757
876187428604	876187428604
790220446779	790220446779
463346157740	463346157740
509061531506	509061531506
334572094107	334572094107
931482524732	931482524732
708561898169	708561898169
884311799009	884311799009
285079319242	285079319242
324510963406	324510963406
91529976970	91529976970
249583880220	249583880220
54022795248	54022795248
923872058775	923872058775
120153893529	120153893529
466113021438	466113021438
567685914062	567685914062
896380367865	896380367865
232473983728	232473983728
803979230336	803979230336
930560022714	930560022714
714178044556	714178044556
960622539774	960622539774
830089332651	830089332651
311127020641	311127020641
207523316391	207523316391
104405017503	104405017503
367699669259	367699669259
31179154199	31179154199
368064163604	368064163604
709996293948	709996293948
78811302517	78811302517
948889319163	948889319163
167870498114	167870498114
201936810269	201936810269
833068298192	833068298192
75404914170	75404914170
346596258292	346596258292
129007922539	129007922539
582880234787	582880234787
1057693611502	1057693611502
1040502673068	1040502673068
116044579253	116044579253
245736412821	245736412821
FAM203271	80559356032
247015269284	247015269284
103464635285	103464635285
771229681733	771229681733
1089514258468	1089514258468
384272489563	384272489563
323103756531	323103756531
420131991078	420131991078
256136363331	256136363331
267178698100	267178698100
1084029281888	1084029281888
494890914025	494890914025
985857962608	985857962608
126822927820	126822927820
976445074774	976445074774
205871476193	205871476193
890562212283	890562212283
255839704129	255839704129
68917081467	68917081467
830315611403	830315611403
131844763686	131844763686
271789035321	271789035321
1046605481587	1046605481587
850527455955	850527455955
512864245069	512864245069
100127668323	100127668323
349830196115	349830196115
1015158473414	1015158473414
610436814208	610436814208
34232807256	34232807256
1079140033161	1079140033161
1027796357984	1027796357984
523452307606	523452307606
1082823517542	1082823517542
456950955877	456950955877
921385292941	921385292941
252379707961	252379707961
846114339840	846114339840
546253076227	546253076227
1019751283856	1019751283856
523109207130	523109207130
377516619764	377516619764
277776467218	277776467218
170336114018	170336114018
392148168032	392148168032
820311005776	820311005776
773335004286	773335004286
896542359378	896542359378
149602092675	149602092675
1018861377973	1018861377973
368577952838	368577952838
556000431387	556000431387
188261795648	188261795648
118878644080	118878644080
1022347483045	1022347483045
1058604421610	1058604421610
884187052807	884187052807
260406154357	260406154357
561661941898	561661941898
288819565904	288819565904
52560980324	52560980324
475112714561	475112714561
215033143996	215033143996
980360937853	980360937853
491422053297	491422053297
1051111995487	1051111995487
372389123003	372389123003
46119055600	46119055600
825140311403	825140311403
576211499283	576211499283
801278177147	801278177147
108170677983	108170677983
325466413298	325466413298
862363975930	862363975930
548299873511	548299873511
385845646815	385845646815
1091360625817	1091360625817
443235938357	443235938357
1052323615373	1052323615373
523188177340	523188177340
366334298567	366334298567
445380161002	445380161002
558740379747	558740379747
985826175332	985826175332
344666575228	344666575228
274132740352	274132740352
159166770163	159166770163
463771515556	463771515556
1003399996629	1003399996629
517337715228	517337715228
854741177005	854741177005
570211498576	570211498576
44725369539	44725369539
766378727997	766378727997
535568442367	535568442367
725981649219	725981649219
137982620528	137982620528
520224886101	520224886101
560279704498	560279704498
383782014480	383782014480
1001671787274	1001671787274
656735919942	656735919942
859706986047	859706986047
511106784595	511106784595
33896601300	33896601300
550969864327	550969864327
551383942629	551383942629
633907524902	633907524902
834082131355	834082131355
85350862883	85350862883
913926701273	913926701273
489182018153	489182018153
679946330387	679946330387
214250662448	214250662448
558620529370	558620529370
409296290296	409296290296
342159003987	342159003987
768644892300	768644892300
672160823459	672160823459
334217343547	334217343547
599970210458	599970210458
220819932016	220819932016
565712855439	565712855439
389981747967	389981747967
171866665465	171866665465
7972440226	7972440226
61017476144	61017476144
124065727621	124065727621
244200634996	244200634996
643575761684	643575761684
240265360695	240265360695
161157351149	161157351149
642809120696	642809120696
445141125264	445141125264
262715023118	262715023118
623889188049	623889188049
756971341129	756971341129
777683949769	777683949769
324927730455	324927730455
303177803136	303177803136
170303719999	170303719999
96416925531	96416925531
674894262148	674894262148
250877633740	250877633740
1045994293714	1045994293714
187624198047	187624198047
663082521729	663082521729
897592058687	897592058687
319168945460	319168945460
791951656422	791951656422
117275871123	117275871123
570238702068	570238702068
549541426616	549541426616
569321443233	569321443233
999962418210	999962418210
764859259887	764859259887
196826054127	196826054127
694426373135	694426373135
772480823897	772480823897
957663294578	957663294578
163398857090	163398857090
816976967767	816976967767
288771716490	288771716490
383263612505	383263612505
411217654822	411217654822
317185174506	317185174506
1085748510341	1085748510341
660698607730	660698607730
187174663239	187174663239
144179290433	144179290433
436500100265	436500100265
818479863015	818479863015
600897674557	600897674557
242421431004	242421431004
13536185748	13536185748
310146811868	310146811868
148083756022	148083756022
1025824299345	1025824299345
49982197251	49982197251
609236464590	609236464590
290775834232	290775834232
1040070239542	1040070239542
754220191912	754220191912
234012006112	234012006112
529941136160	529941136160
1042467751263	1042467751263
107811770059	107811770059
772007715264	772007715264
636093626330	636093626330
689918707245	689918707245
337751190307	337751190307
686395360477	686395360477
377886350332	377886350332
506160984126	506160984126
194893465479	194893465479
720589130210	720589130210
1016569536495	1016569536495
1073157789324	1073157789324
501204455017	501204455017
340541965411	340541965411
120919265529	120919265529
722493943438	722493943438
887120977618	887120977618
87390067225	87390067225
313424171656	313424171656
577725524656	577725524656
794644001096	794644001096
976025591425	976025591425
1015521593812	1015521593812
812110289000	812110289000
146702144856	146702144856
340254305966	340254305966
847411606101	847411606101
351479070614	351479070614
861374233579	861374233579
751993832096	751993832096
786188421143	786188421143
44010510323	44010510323
817160214186	817160214186
1012866714049	1012866714049
438897687940	438897687940
76297648426	76297648426
709820117344	709820117344
538081561369	538081561369
229499744976	229499744976
479267113773	479267113773
880217547983	880217547983
669703760787	669703760787
1096164610086	1096164610086
523140905252	523140905252
532842532781	532842532781
556285051234	556285051234
95841290610	95841290610
659959108099	659959108099
579740058134	579740058134
496318988232	496318988232
966610689863	966610689863
92926994006	92926994006
761919765314	761919765314
474412613415	474412613415
534073702587	534073702587
659057994805	659057994805
466140176134	466140176134
368398687424	368398687424
66145523944	66145523944
693879451977	693879451977
328304234415	328304234415
202780175737	202780175737
139305929323	139305929323
78512107254	78512107254
125539086400	125539086400
951938635017	951938635017
721446422494	721446422494
684901541471	684901541471
937525167482	937525167482
756715072189	756715072189
153384076053	153384076053
624206483320	624206483320
19828786459	19828786459
1052255216079	1052255216079
577144617520	577144617520
1052528836688	1052528836688
307972059697	307972059697
745388124592	745388124592
449330425479	449330425479
493720108118	493720108118
569567352706	569567352706
313485977076	313485977076
146373923983	146373923983
403552409223	403552409223
539787535708	539787535708
637282212600	637282212600
674753612289	674753612289
488603408936	488603408936
857329382254	857329382254
27871526824	27871526824
738812351263	738812351263
587074277535	587074277535
615887550512	615887550512
821536405031	821536405031
565261994913	565261994913
372688073074	372688073074
1037435197325	1037435197325
240996083163	240996083163
698954151965	698954151965
825433658241	825433658241
1086340169001	1086340169001
707185469503	707185469503
334588319194	334588319194
496341275834	496341275834
807282561371	807282561371
27066144022	27066144022
117287854170	117287854170
270044170653	270044170653
152784117488	152784117488
542927874260	542927874260
88929447968	88929447968
720420293261	720420293261
324256334618	324256334618
252479094581	252479094581
414029896336	414029896336
723137981241	723137981241
794439644318	794439644318
530491043123	530491043123
905874093387	905874093387
328898350622	328898350622
653995699887	653995699887
58743364336	58743364336
957310574467	957310574467
1038009928274	1038009928274
1064228227572	1064228227572
762641718044	762641718044
300918628359	300918628359
460513629002	460513629002
2140593670	2140593670
365055834460	365055834460
423644563944	423644563944
919739326352	919739326352
300991908369	300991908369
978448502074	978448502074
926525792061	926525792061
65580025418	65580025418
403272135072	403272135072
351437976252	351437976252
737040990564	737040990564
358445505917	358445505917
699769884556	699769884556
614737952049	614737952049
219344110013	219344110013
717523432973	717523432973
822109812842	822109812842
807945218021	807945218021
805154072237	805154072237
23632910036	23632910036
252708765016	252708765016
187910169435	187910169435
622223769121	622223769121
690206359462	690206359462
400122783104	400122783104
825409664599	825409664599
489141585702	489141585702
182251729642	182251729642
535305414803	535305414803
1027868885287	1027868885287
FAM443601	642980097085
706718048606	706718048606
153017464249	153017464249
697111253655	697111253655
128962223456	128962223456
719518335145	719518335145
43353513686	43353513686
851825774715	851825774715
933262331150	933262331150
123092518653	123092518653
1048473022577	1048473022577
1066122266761	1066122266761
969139570815	969139570815
384446485538	384446485538
116056008025	116056008025
584836984460	584836984460
97618816368	97618816368
379184462344	379184462344
567134913735	567134913735
244283068057	244283068057
336352800037	336352800037
532347345350	532347345350
594174143282	594174143282
1014960449513	1014960449513
938658010085	938658010085
987232825100	987232825100
989358505456	989358505456
752498371367	752498371367
932361195418	932361195418
63812367638	63812367638
932843185857	932843185857
17360804504	17360804504
584736003080	584736003080
547086392062	547086392062
255386743856	255386743856
86296915140	86296915140
961218673314	961218673314
776842525960	776842525960
49681853455	49681853455
427259790141	427259790141
21869710901	21869710901
549668700628	549668700628
337850475211	337850475211
349120370362	349120370362
232860086488	232860086488
671718236082	671718236082
593808096134	593808096134
60235198294	60235198294
774089868785	774089868785
317029701650	317029701650
313544662994	313544662994
124594291192	124594291192
432712886058	432712886058
80048450897	80048450897
445084013792	445084013792
500308766272	500308766272
559064330349	559064330349
823605261000	823605261000
1021509048280	1021509048280
FAM714891	583653087325
12265076184	12265076184
651069088203	651069088203
335297564508	335297564508
400612618817	400612618817
1079738178531	1079738178531
697969444060	697969444060
990830854399	990830854399
137257131332	137257131332
569029021302	569029021302
443322494782	443322494782
347632203138	347632203138
389202890080	389202890080
169002707457	169002707457
1066925860073	1066925860073
851390487996	851390487996
731071005497	731071005497
894445336184	894445336184
826463157898	826463157898
423857244088	423857244088
723402810781	723402810781
488525201797	488525201797
873140288101	873140288101
951664912470	951664912470
720364578461	720364578461
80042414546	80042414546
852636886614	852636886614
312421574497	312421574497
833342542727	833342542727
115682207753	115682207753
795418603674	795418603674
574406634933	574406634933
132491096197	132491096197
640662442857	640662442857
61960259236	61960259236
609467354249	609467354249
629277581275	629277581275
872955122911	872955122911
437193456345	437193456345
927584721611	927584721611
862781604012	862781604012
356607850495	356607850495
922065242431	922065242431
1084995219412	1084995219412
1070717796353	1070717796353
621867682733	621867682733
942440314418	942440314418
766431677283	766431677283
78886381581	78886381581
234439589696	234439589696
307906142751	307906142751
585844017179	585844017179
1060125442931	1060125442931
925419150242	925419150242
554553677774	554553677774
29836390658	29836390658
669768775461	669768775461
315648703085	315648703085
997272605319	997272605319
913673463264	913673463264
436447784360	436447784360
922872347956	922872347956
816692802303	816692802303
559970047475	559970047475
596078518919	596078518919
352402865706	352402865706
44009390427	44009390427
1057408270268	1057408270268
342234212965	342234212965
723412624018	723412624018
588098568593	588098568593
207449387135	207449387135
345166848	345166848
891128027354	891128027354
143113608477	143113608477
570830194020	570830194020
989919401823	989919401823
644766792595	644766792595
579809618287	579809618287
750793733766	750793733766
61179943606	61179943606
873324203966	873324203966
470498404796	470498404796
650990883573	650990883573
490192186376	490192186376
695052155808	695052155808
845399163405	845399163405
603537786451	603537786451
112752092875	112752092875
1063971350646	1063971350646
295486295769	295486295769
303342955703	303342955703
21379769851	21379769851
613024233797	613024233797
305489235106	305489235106
1027637441809	1027637441809
978851836724	978851836724
273413646618	273413646618
274243794674	274243794674
200054178503	200054178503
889279931307	889279931307
797210177240	797210177240
131725347987	131725347987
540643990088	540643990088
607864680699	607864680699
438909930131	438909930131
881884969675	881884969675
355084573180	355084573180
854666541557	854666541557
350632537175	350632537175
244428626073	244428626073
445880547381	445880547381
154394933913	154394933913
1026898843743	1026898843743
417609616094	417609616094
800292394966	800292394966
373662192448	373662192448
1030970728098	1030970728098
699554817458	699554817458
355168403905	355168403905
493235257131	493235257131
1056296336565	1056296336565
781602653022	781602653022
684755601412	684755601412
524498897415	524498897415
688143780937	688143780937
277907927213	277907927213
795456457670	795456457670
134661057740	134661057740
817968705880	817968705880
799970171259	799970171259
540776864475	540776864475
665698716957	665698716957
623026388061	623026388061
764080886666	764080886666
640524918167	640524918167
917919025949	917919025949
172654815128	172654815128
681983479955	681983479955
424323527489	424323527489
1098981692721	1098981692721
363159410602	363159410602
500012507518	500012507518
55119012903	55119012903
893634457192	893634457192
629693379996	629693379996
516598360612	516598360612
811469994863	811469994863
34558663389	34558663389
796502063664	796502063664
506308473021	506308473021
1097421475090	1097421475090
509870109508	509870109508
285678080659	285678080659
275070772868	275070772868
191297106046	191297106046
8520544325	8520544325
894922232507	894922232507
FAM179725	690783741087
439862669697	439862669697
79445742110	79445742110
464746116012	464746116012
895924615857	895924615857
403737119171	403737119171
60918516756	60918516756
141025153033	141025153033
987177338859	987177338859
257681907145	257681907145
708902601602	708902601602
587565821854	587565821854
163647048637	163647048637
379841125781	379841125781
556130234920	556130234920
17614553598	17614553598
1050225228808	1050225228808
300863982057	300863982057
727793495592	727793495592
65497841324	65497841324
803229187268	803229187268
599508715544	599508715544
790012212415	790012212415
601747713552	601747713552
945142112491	945142112491
889125896268	889125896268
191418345279	191418345279
10416409030	10416409030
584897262589	584897262589
425951291216	425951291216
499755860207	499755860207
921812407479	921812407479
693938085791	693938085791
126049598498	126049598498
767311037327	767311037327
349193553193	349193553193
908644926229	908644926229
964162586951	964162586951
1030520533743	1030520533743
102004719377	102004719377
499361733606	499361733606
1025745897148	1025745897148
280834161776	280834161776
112001399226	112001399226
1078534920485	1078534920485
65502400323	65502400323
396906307759	396906307759
954148201377	954148201377
182921143109	182921143109
929664141273	929664141273
978821258041	978821258041
1003783113185	1003783113185
493524613258	493524613258
945305862284	945305862284
42849721617	42849721617
943477263974	943477263974
786888416343	786888416343
202800954467	202800954467
956702209403	956702209403
609435572033	609435572033
124851882535	124851882535
206106407166	206106407166
487163817847	487163817847
232512534846	232512534846
615912732448	615912732448
695274259539	695274259539
198345744714	198345744714
882084841736	882084841736
184244801587	184244801587
219930374333	219930374333
319069410749	319069410749
279216390213	279216390213
783874791461	783874791461
85389751774	85389751774
361651706601	361651706601
127170174156	127170174156
814250680120	814250680120
121040651835	121040651835
1049924939412	1049924939412
669703407807	669703407807
75435250114	75435250114
124100868929	124100868929
839482443783	839482443783
173396241120	173396241120
325325989578	325325989578
18453696451	18453696451
319710810991	319710810991
596921238495	596921238495
462718985106	462718985106
698019659429	698019659429
234267506636	234267506636
777518021342	777518021342
234124325638	234124325638
752992389742	752992389742
281329288334	281329288334
569767331014	569767331014
328395713503	328395713503
559263023228	559263023228
170191389249	170191389249
316844628602	316844628602
934787331323	934787331323
337292830799	337292830799
365063819584	365063819584
609407351179	609407351179
104497870211	104497870211
334633435853	334633435853
250625817220	250625817220
470698588900	470698588900
FAM446519	135900429182
932973907587	932973907587
1009738462384	1009738462384
1085300922155	1085300922155
100320529073	100320529073
942505121887	942505121887
798717838008	798717838008
860574803132	860574803132
1050429606365	1050429606365
319868834393	319868834393
877197222729	877197222729
45465887309	45465887309
37177503219	37177503219
625934332828	625934332828
327101991076	327101991076
98092799131	98092799131
972087884212	972087884212
1062712204318	1062712204318
104365839500	104365839500
109189416652	109189416652
575824558567	575824558567
1021866988600	1021866988600
470618512544	470618512544
785708617352	785708617352
172936395639	172936395639
942787414981	942787414981
268875152820	268875152820
300284826904	300284826904
600822985778	600822985778
388349838912	388349838912
251207977421	251207977421
119401622785	119401622785
938305611581	938305611581
884124396169	884124396169
385790371851	385790371851
850348375169	850348375169
450281552491	450281552491
1095768570235	1095768570235
30542072087	30542072087
669089587484	669089587484
72021784526	72021784526
352176594966	352176594966
787899750287	787899750287
398895248981	398895248981
484295301560	484295301560
342093492271	342093492271
693345922203	693345922203
253684578147	253684578147
1072705424606	1072705424606
261823512380	261823512380
772994287919	772994287919
743937343228	743937343228
306972234946	306972234946
810370193210	810370193210
717472625395	717472625395
775755295806	775755295806
831369301504	831369301504
862658979616	862658979616
854686708765	854686708765
412699589840	412699589840
134299046174	134299046174
332566315544	332566315544
348185401184	348185401184
431807384015	431807384015
920336906561	920336906561
457660239134	457660239134
466699991783	466699991783
150491398642	150491398642
1011260322430	1011260322430
877826298842	877826298842
1063887817506	1063887817506
441430564744	441430564744
24519216870	24519216870
640093550128	640093550128
557450449975	557450449975
464099187825	464099187825
104714130202	104714130202
586383885711	586383885711
561526605431	561526605431
336451488383	336451488383
80906686141	80906686141
834432956407	834432956407
670023852486	670023852486
149655846369	149655846369
156703459411	156703459411
796862433044	796862433044
46170790981	46170790981
344624184844	344624184844
824803054660	824803054660
FAM729630	734343369357
181941991793	181941991793
5048281062	5048281062
588079444660	588079444660
153607603362	153607603362
724244935746	724244935746
565443144680	565443144680
68638256268	68638256268
760268277783	760268277783
614466476355	614466476355
682947218732	682947218732
214272089707	214272089707
107807490310	107807490310
961542754101	961542754101
295013596125	295013596125
803407495563	803407495563
959453132963	959453132963
860737191887	860737191887
167801851040	167801851040
638920036105	638920036105
298395714991	298395714991
701962498310	701962498310
12380735610	12380735610
909531079275	909531079275
580963426007	580963426007
50215318334	50215318334
302964872585	302964872585
231589791463	231589791463
685439931245	685439931245
446193161650	446193161650
623189406633	623189406633
461626059162	461626059162
258007447777	258007447777
767287988815	767287988815
226172239051	226172239051
736561732234	736561732234
42171969045	42171969045
321120458712	321120458712
203871440022	203871440022
25205255595	25205255595
510762472129	510762472129
642616375895	642616375895
126343610659	126343610659
209935559204	209935559204
374413677321	374413677321
920890392555	920890392555
313303384405	313303384405
1049658264349	1049658264349
983969206670	983969206670
1063011114630	1063011114630
375188130931	375188130931
807178380627	807178380627
743528977068	743528977068
865774657482	865774657482
904204135610	904204135610
178713343525	178713343525
801086978113	801086978113
128859613762	128859613762
403252907834	403252907834
356467360004	356467360004
779323802438	779323802438
888828011794	888828011794
449172107692	449172107692
1002261354214	1002261354214
308700879761	308700879761
307282909679	307282909679
146412557425	146412557425
967912764008	967912764008
347800916766	347800916766
478875060454	478875060454
472908760288	472908760288
476365022417	476365022417
550472188117	550472188117
72102726614	72102726614
67386438186	67386438186
741998119564	741998119564
847761516170	847761516170
885005718021	885005718021
69567011529	69567011529
899786727703	899786727703
938276970433	938276970433
214207592126	214207592126
624440998685	624440998685
141468855458	141468855458
772036629032	772036629032
412924371278	412924371278
1050066832700	1050066832700
661742274507	661742274507
912811485661	912811485661
40358905224	40358905224
23554378583	23554378583
977335546691	977335546691
312102706690	312102706690
375871866907	375871866907
734762165238	734762165238
666565259128	666565259128
381907105490	381907105490
241714952212	241714952212
311604020582	311604020582
709988382540	709988382540
1015188108724	1015188108724
735974570533	735974570533
280889830968	280889830968
223542685266	223542685266
853518584661	853518584661
19154485920	19154485920
706884265161	706884265161
587160078360	587160078360
1025273825909	1025273825909
1012630083139	1012630083139
345172498338	345172498338
262690053887	262690053887
778291008835	778291008835
778422530435	778422530435
1056743191063	1056743191063
688223410328	688223410328
176545503266	176545503266
664726651000	664726651000
803368089075	803368089075
830210823706	830210823706
920549708646	920549708646
821036369633	821036369633
665628465847	665628465847
2084363938	2084363938
458867185691	458867185691
346700382727	346700382727
97008501323	97008501323
995412396619	995412396619
206844547738	206844547738
137920831711	137920831711
781656524986	781656524986
376253917430	376253917430
535347220886	535347220886
499488877374	499488877374
341614407617	341614407617
785586536359	785586536359
117382834035	117382834035
480073839131	480073839131
711478586595	711478586595
592500958250	592500958250
203487776398	203487776398
239361719232	239361719232
963734627370	963734627370
805070758689	805070758689
391852624766	391852624766
86458689189	86458689189
452345891827	452345891827
267997323995	267997323995
176400413368	176400413368
69397748245	69397748245
313650318999	313650318999
238664887014	238664887014
31134022661	31134022661
269989133796	269989133796
830495655716	830495655716
503191177365	503191177365
381054897280	381054897280
579850412577	579850412577
93772354404	93772354404
312632872815	312632872815
91192307515	91192307515
658081375196	658081375196
FAM935728	144345061955
569003202271	569003202271
17070595336	17070595336
14152557651	14152557651
526509387446	526509387446
769061665707	769061665707
455261781762	455261781762
116594128234	116594128234
1046378211155	1046378211155
769286311242	769286311242
573538692851	573538692851
272117934588	272117934588
954271093981	954271093981
17075262404	17075262404
754526939638	754526939638
1010260927616	1010260927616
425688993933	425688993933
1017032433768	1017032433768
742145465880	742145465880
355912114044	355912114044
189460394388	189460394388
657075174392	657075174392
582067418728	582067418728
356033641957	356033641957
353125446416	353125446416
1052338146886	1052338146886
379409846385	379409846385
1034868401780	1034868401780
227146529799	227146529799
845591659166	845591659166
726933239251	726933239251
897917355682	897917355682
253779276514	253779276514
227740838767	227740838767
126464948328	126464948328
196498420609	196498420609
376515578796	376515578796
896350524438	896350524438
32646016244	32646016244
860792863451	860792863451
1086687108938	1086687108938
745239265881	745239265881
135910116313	135910116313
38530552337	38530552337
352547971465	352547971465
787629811386	787629811386
818355148279	818355148279
910768248234	910768248234
616732733135	616732733135
1030269280789	1030269280789
846360378806	846360378806
81732629175	81732629175
934441440665	934441440665
683143011632	683143011632
913983779261	913983779261
128252873100	128252873100
746192765976	746192765976
476087720257	476087720257
621293716195	621293716195
1063019126128	1063019126128
511475796033	511475796033
39050064674	39050064674
225918105129	225918105129
277665274974	277665274974
61464425609	61464425609
937546691258	937546691258
1067526744893	1067526744893
879880612033	879880612033
782866384598	782866384598
31596840514	31596840514
419051206505	419051206505
72852151514	72852151514
351945293792	351945293792
553890231289	553890231289
356916748810	356916748810
899538936209	899538936209
554584903100	554584903100
118855335799	118855335799
463927606334	463927606334
539591246688	539591246688
966266821014	966266821014
838327749632	838327749632
300486714075	300486714075
478694819240	478694819240
402629105750	402629105750
139089816267	139089816267
330815151742	330815151742
755147906712	755147906712
415210775589	415210775589
466328393766	466328393766
FAM318844	614987871273
562153619814	562153619814
321157117282	321157117282
56075513733	56075513733
500162112488	500162112488
100848279253	100848279253
964420967782	964420967782
1007885223276	1007885223276
580251961362	580251961362
58645682139	58645682139
957294782255	957294782255
11349202793	11349202793
375200018220	375200018220
588514018507	588514018507
42960426772	42960426772
46243191251	46243191251
903886217290	903886217290
FAM990309	130116737109
942079595160	942079595160
724722227811	724722227811
84402746895	84402746895
135938580087	135938580087
148906180169	148906180169
574814181928	574814181928
817520582978	817520582978
861317397675	861317397675
963832052710	963832052710
241157718040	241157718040
591955521891	591955521891
893558572925	893558572925
133816525454	133816525454
1077514489395	1077514489395
745950402307	745950402307
815056643692	815056643692
307539420878	307539420878
571813157979	571813157979
407975261866	407975261866
523214356979	523214356979
25198625232	25198625232
96666504321	96666504321
80636608763	80636608763
614942967745	614942967745
545719489480	545719489480
407707635924	407707635924
25654802830	25654802830
786780920606	786780920606
484696499030	484696499030
966401400248	966401400248
952542641817	952542641817
297615029350	297615029350
197223767787	197223767787
644890675434	644890675434
492602908090	492602908090
369980453512	369980453512
328619715785	328619715785
309956464699	309956464699
884415735684	884415735684
235594898824	235594898824
40710245050	40710245050
878768420760	878768420760
518579733428	518579733428
81468054356	81468054356
162466415657	162466415657
1038750396081	1038750396081
83844113177	83844113177
1036470309442	1036470309442
860718821461	860718821461
726027983815	726027983815
65705870243	65705870243
453062979519	453062979519
195269733870	195269733870
522616837885	522616837885
422209131274	422209131274
48475503917	48475503917
133671588123	133671588123
428661607266	428661607266
101561523540	101561523540
104480843967	104480843967
926312516831	926312516831
743706905043	743706905043
1091576821261	1091576821261
1087170279711	1087170279711
468602182819	468602182819
185584605147	185584605147
403077976449	403077976449
538795170914	538795170914
1042958744149	1042958744149
229678352750	229678352750
648097502251	648097502251
976083131848	976083131848
536248735838	536248735838
630181404205	630181404205
926103118722	926103118722
743632231981	743632231981
11096797733	11096797733
780914767799	780914767799
631432057684	631432057684
159210698834	159210698834
422126856913	422126856913
130326119241	130326119241
177740988901	177740988901
248582428506	248582428506
715743660729	715743660729
427115952763	427115952763
48462904149	48462904149
591386125099	591386125099
604649967605	604649967605
521386573176	521386573176
118058195328	118058195328
421041267443	421041267443
215622780825	215622780825
179448838700	179448838700
284385439165	284385439165
701268127685	701268127685
42454490103	42454490103
676566867017	676566867017
1099106700261	1099106700261
508803709823	508803709823
601866933226	601866933226
451024069968	451024069968
519390930469	519390930469
729080543773	729080543773
357323684415	357323684415
426392287049	426392287049
395385801554	395385801554
242218084456	242218084456
841401820332	841401820332
4107135135	4107135135
440550303936	440550303936
286626132346	286626132346
882635767981	882635767981
607371339351	607371339351
757691615620	757691615620
460905863368	460905863368
212993193464	212993193464
940042816433	940042816433
797216724197	797216724197
1050218616715	1050218616715
31375474372	31375474372
371006010317	371006010317
996843193052	996843193052
909929400317	909929400317
192415801501	192415801501
697796772806	697796772806
1089926231433	1089926231433
727112038922	727112038922
140355049510	140355049510
546393807164	546393807164
943094111284	943094111284
354927275566	354927275566
904907174528	904907174528
928052933603	928052933603
858628971203	858628971203
73728429116	73728429116
206644537925	206644537925
861934788692	861934788692
724687271732	724687271732
650154920694	650154920694
313944732468	313944732468
454964106859	454964106859
991820630531	991820630531
685494935909	685494935909
66057317240	66057317240
918623361233	918623361233
886852757330	886852757330
634254813946	634254813946
679817098502	679817098502
738724677505	738724677505
585071359340	585071359340
364824258826	364824258826
162022373460	162022373460
872970549131	872970549131
440518016451	440518016451
882155966523	882155966523
20315871119	20315871119
843480038231	843480038231
963008362721	963008362721
874938216	874938216
766840936718	766840936718
4778250367	4778250367
364683387561	364683387561
1077033615573	1077033615573
304222750890	304222750890
141477578882	141477578882
1053803575166	1053803575166
695205803414	695205803414
479009721230	479009721230
725797067970	725797067970
18807842208	18807842208
243841252948	243841252948
859170974896	859170974896
5072174042	5072174042
389972652176	389972652176
215900145739	215900145739
93550486053	93550486053
365236109943	365236109943
FAM600179	141642572293
752137572816	752137572816
587695787839	587695787839
851953656906	851953656906
71641846350	71641846350
FAM653611	1052469155853
825802999422	825802999422
670094360200	670094360200
1067587746936	1067587746936
768373324120	768373324120
1089101586477	1089101586477
233343270759	233343270759
1010214000524	1010214000524
1098245041604	1098245041604
777770436385	777770436385
13082155199	13082155199
286830697749	286830697749
286687153095	286687153095
1037496134595	1037496134595
345821310890	345821310890
387596768509	387596768509
760962282898	760962282898
176359484706	176359484706
1014539394507	1014539394507
42856842286	42856842286
936954475354	936954475354
429797211680	429797211680
298779379666	298779379666
101519565685	101519565685
288691442673	288691442673
881507420609	881507420609
728681085608	728681085608
303369189558	303369189558
592854137043	592854137043
473420967516	473420967516
1058940075560	1058940075560
1001889491851	1001889491851
964087295292	964087295292
793026591371	793026591371
913614528647	913614528647
171054032426	171054032426
166924227572	166924227572
320265411287	320265411287
247565860900	247565860900
316066676508	316066676508
714960328349	714960328349
615807589832	615807589832
986246733833	986246733833
970377492505	970377492505
899194223478	899194223478
571451219653	571451219653
465238075896	465238075896
482468245103	482468245103
433123791294	433123791294
422796637677	422796637677
962993287390	962993287390
299735737776	299735737776
92284825735	92284825735
179992534383	179992534383
920356303790	920356303790
87770431574	87770431574
998381339699	998381339699
1000650241193	1000650241193
593195626415	593195626415
625104133074	625104133074
61565284779	61565284779
422796515062	422796515062
487680211176	487680211176
593750344180	593750344180
161023849565	161023849565
668163898061	668163898061
655121570091	655121570091
574640730981	574640730981
307260400355	307260400355
259415543278	259415543278
939375409464	939375409464
927033148413	927033148413
610929362718	610929362718
37584523397	37584523397
1058904076653	1058904076653
64943800670	64943800670
115501602118	115501602118
223457743414	223457743414
863516579734	863516579734
539939382774	539939382774
792004570287	792004570287
663926864006	663926864006
101126881225	101126881225
857047574029	857047574029
506364728458	506364728458
408421256342	408421256342
694475323564	694475323564
257622180872	257622180872
814942428530	814942428530
1087112592499	1087112592499
458934289930	458934289930
132897643517	132897643517
534512152342	534512152342
560737649877	560737649877
1069967115150	1069967115150
890568072908	890568072908
454066853166	454066853166
287369448522	287369448522
262529253198	262529253198
152086626176	152086626176
40328278753	40328278753
908843785006	908843785006
342685872608	342685872608
578181593119	578181593119
666147429757	666147429757
192600508412	192600508412
1019984118405	1019984118405
823742502955	823742502955
229977293402	229977293402
28251697262	28251697262
545155037297	545155037297
457271970367	457271970367
770573854834	770573854834
653037508172	653037508172
786520093931	786520093931
732569693185	732569693185
552665670802	552665670802
306250934428	306250934428
954536192259	954536192259
817924913634	817924913634
501410898107	501410898107
369109559688	369109559688
565376827150	565376827150
1053545891365	1053545891365
247542188181	247542188181
1061653930493	1061653930493
434213904657	434213904657
447854452614	447854452614
284896620008	284896620008
1035417912113	1035417912113
124170057113	124170057113
826077696345	826077696345
212857659984	212857659984
1017793170066	1017793170066
247294735282	247294735282
982845898955	982845898955
340575677476	340575677476
385747145875	385747145875
1028964600581	1028964600581
84321676787	84321676787
237351649190	237351649190
246917801852	246917801852
132718882140	132718882140
247273708050	247273708050
764456757967	764456757967
237735582583	237735582583
686770580550	686770580550
592551896259	592551896259
117595206301	117595206301
314970508347	314970508347
404717194580	404717194580
67764465831	67764465831
60630510143	60630510143
1080484878361	1080484878361
925362739548	925362739548
90506736068	90506736068
933744899597	933744899597
791987813495	791987813495
114757616415	114757616415
708167527117	708167527117
517421899652	517421899652
87670972904	87670972904
448475521827	448475521827
515282272213	515282272213
632136030239	632136030239
709098360653	709098360653
1084731254030	1084731254030
537196044049	537196044049
316595705965	316595705965
403932883645	403932883645
93971399861	93971399861
428174078939	428174078939
976967508278	976967508278
71208196128	71208196128
82036272419	82036272419
240180107440	240180107440
869253677017	869253677017
500215513387	500215513387
368928844174	368928844174
1014964816915	1014964816915
914241473962	914241473962
853591046865	853591046865
1055037366030	1055037366030
35420523599	35420523599
637833219972	637833219972
824901029062	824901029062
699854403560	699854403560
312397024343	312397024343
988667571630	988667571630
779729583082	779729583082
677099080503	677099080503
85386387840	85386387840
437255349604	437255349604
911473510128	911473510128
360167066978	360167066978
129312311232	129312311232
75809967951	75809967951
1011470300362	1011470300362
984478793411	984478793411
700546220761	700546220761
131201601516	131201601516
532744974161	532744974161
612198354365	612198354365
578424026814	578424026814
467804901817	467804901817
169982099477	169982099477
97512596985	97512596985
630801909736	630801909736
565592957926	565592957926
630590997337	630590997337
154880282997	154880282997
934938040152	934938040152
767080100041	767080100041
485023744652	485023744652
185708507202	185708507202
854891194761	854891194761
718434949872	718434949872
1015076129665	1015076129665
1048526939124	1048526939124
1041141066260	1041141066260
508439100346	508439100346
109323739976	109323739976
221918639717	221918639717
253944439318	253944439318
617339372045	617339372045
415942441891	415942441891
629536350509	629536350509
508232428465	508232428465
73283389331	73283389331
810711416758	810711416758
257934054447	257934054447
167217838771	167217838771
840149996539	840149996539
1014571725797	1014571725797
709177466696	709177466696
368000260849	368000260849
540457432756	540457432756
15902642588	15902642588
502502595802	502502595802
986345081444	986345081444
1014269092657	1014269092657
944838991999	944838991999
48654505233	48654505233
961609672286	961609672286
967784143628	967784143628
151547536085	151547536085
755395284011	755395284011
918582257764	918582257764
499420550361	499420550361
450067898266	450067898266
912098477724	912098477724
998430598072	998430598072
299491928521	299491928521
878339663110	878339663110
1027971916335	1027971916335
73290432013	73290432013
76558022699	76558022699
987457203288	987457203288
77249589844	77249589844
703224962795	703224962795
565311278344	565311278344
172075115703	172075115703
36058422334	36058422334
1006798667939	1006798667939
565190335488	565190335488
568183184072	568183184072
3470190041	3470190041
388342954083	388342954083
12205786353	12205786353
721023782337	721023782337
252579261119	252579261119
444549830274	444549830274
1044358860814	1044358860814
538660199533	538660199533
10449211683	10449211683
471035118989	471035118989
858228759864	858228759864
159335501872	159335501872
300655120023	300655120023
FAM506231	721530040094
85860257906	85860257906
633294705910	633294705910
488715426985	488715426985
682588413205	682588413205
368739652175	368739652175
492761744787	492761744787
282912831090	282912831090
185850952748	185850952748
375035931894	375035931894
842944599419	842944599419
399760724387	399760724387
1035735895703	1035735895703
FAM415334	1082603564135
716679408345	716679408345
253794516990	253794516990
541260625467	541260625467
86950893472	86950893472
375268410021	375268410021
595016675043	595016675043
1080866115911	1080866115911
262158028924	262158028924
536076184114	536076184114
542871691663	542871691663
497326522329	497326522329
200160444761	200160444761
157116285858	157116285858
419865062755	419865062755
1005612230817	1005612230817
599924600901	599924600901
564992079650	564992079650
832670585906	832670585906
918059308662	918059308662
653470346006	653470346006
10105505504	10105505504
301568240242	301568240242
409293344026	409293344026
169277636640	169277636640
307328131532	307328131532
276722251684	276722251684
495286063332	495286063332
267737995998	267737995998
433862883321	433862883321
923721366586	923721366586
62402623683	62402623683
830533645190	830533645190
639756045098	639756045098
114641656665	114641656665
111646327334	111646327334
287658376350	287658376350
33016722904	33016722904
1046666884668	1046666884668
1049731879667	1049731879667
830530365099	830530365099
195547079008	195547079008
372405957519	372405957519
982603754888	982603754888
139797966612	139797966612
832053752055	832053752055
1081144681078	1081144681078
144411337442	144411337442
350953339078	350953339078
310676815066	310676815066
356347111600	356347111600
735187659088	735187659088
739526645858	739526645858
856710738323	856710738323
45314985407	45314985407
730518119483	730518119483
332076109766	332076109766
665159899831	665159899831
955091558670	955091558670
385000894074	385000894074
418290319398	418290319398
173120096855	173120096855
505432214576	505432214576
258175861298	258175861298
761636673850	761636673850
578108351837	578108351837
379962813986	379962813986
751497196139	751497196139
491491151458	491491151458
415949678830	415949678830
834988569610	834988569610
987225459508	987225459508
351792289929	351792289929
945992311615	945992311615
827047299183	827047299183
540236554830	540236554830
90814524974	90814524974
835647038977	835647038977
705320548812	705320548812
826781253608	826781253608
662138216100	662138216100
493142472607	493142472607
225909690943	225909690943
427967655262	427967655262
1007923476326	1007923476326
760485377941	760485377941
878012463888	878012463888
659984775023	659984775023
192781558807	192781558807
771190330220	771190330220
861456598929	861456598929
312521879758	312521879758
127994843410	127994843410
551648312807	551648312807
408001097848	408001097848
912457824273	912457824273
562557972070	562557972070
980012969397	980012969397
718620392768	718620392768
101473031940	101473031940
357830991722	357830991722
283278975755	283278975755
569614398568	569614398568
176306447534	176306447534
298072777808	298072777808
491278505736	491278505736
939202407018	939202407018
904678417669	904678417669
893503044903	893503044903
185368963355	185368963355
788467087573	788467087573
529715869486	529715869486
107315736004	107315736004
528740771320	528740771320
588300211652	588300211652
970443578223	970443578223
216031193195	216031193195
574681634527	574681634527
361813671100	361813671100
8161346367	8161346367
229532727951	229532727951
43324257076	43324257076
853666666833	853666666833
550890760561	550890760561
112312499109	112312499109
452083402746	452083402746
951729052113	951729052113
1010451914982	1010451914982
496420429875	496420429875
367718902228	367718902228
77129198708	77129198708
981238888840	981238888840
427869089832	427869089832
732438195594	732438195594
300069458496	300069458496
46290837124	46290837124
377894227654	377894227654
837580762418	837580762418
779779047658	779779047658
91338353233	91338353233
214127812011	214127812011
2222819595	2222819595
460693196863	460693196863
626050668968	626050668968
1086542408080	1086542408080
212915931234	212915931234
214765931120	214765931120
FAM760696	1055578036347
878562365596	878562365596
586829230501	586829230501
937429525954	937429525954
79897350421	79897350421
99903042573	99903042573
539063515949	539063515949
695172798977	695172798977
710743465852	710743465852
811633527670	811633527670
596736473347	596736473347
272871218183	272871218183
608946643713	608946643713
998791494288	998791494288
809103919628	809103919628
1049886938703	1049886938703
364776712043	364776712043
774371230632	774371230632
445127723910	445127723910
24110306241	24110306241
989705700269	989705700269
1092124579886	1092124579886
936382361350	936382361350
609448302616	609448302616
607964871123	607964871123
820868711236	820868711236
343890771892	343890771892
143280226235	143280226235
1086408214486	1086408214486
892804833813	892804833813
219398901923	219398901923
694027417112	694027417112
712908175420	712908175420
FAM950356	1024489262122
653336069831	653336069831
1090959598435	1090959598435
610887792914	610887792914
420866796922	420866796922
1079748537267	1079748537267
FAM616286	384692174106
1003208223192	1003208223192
757639574723	757639574723
966652724312	966652724312
466261798303	466261798303
772075980637	772075980637
255787700551	255787700551
575457855923	575457855923
581852862986	581852862986
242494063871	242494063871
476301053790	476301053790
933668393959	933668393959
577591743433	577591743433
670727194622	670727194622
711987724481	711987724481
570604208723	570604208723
12148066203	12148066203
25246633923	25246633923
1052667148203	1052667148203
166360887309	166360887309
81633817834	81633817834
65478183475	65478183475
784054418444	784054418444
70454682435	70454682435
683096309634	683096309634
470534399810	470534399810
676846649963	676846649963
996114703581	996114703581
240132893038	240132893038
58185258840	58185258840
77223286405	77223286405
56410397212	56410397212
761263109327	761263109327
99253205039	99253205039
538863638640	538863638640
2593806832	2593806832
1078553923897	1078553923897
31628638017	31628638017
422083350383	422083350383
906698922863	906698922863
364142945860	364142945860
94320539696	94320539696
63295540969	63295540969
1057045558528	1057045558528
232281957752	232281957752
654755964437	654755964437
93929433924	93929433924
23387463757	23387463757
263765388197	263765388197
322234430545	322234430545
418211363799	418211363799
765738263872	765738263872
861517949177	861517949177
13810735667	13810735667
829783652496	829783652496
381035578831	381035578831
844035184328	844035184328
195148358884	195148358884
1056292616681	1056292616681
385423095868	385423095868
935076256537	935076256537
770547198617	770547198617
607029056254	607029056254
722535868798	722535868798
322438496288	322438496288
307214821910	307214821910
473164494472	473164494472
1067851513137	1067851513137
794164657390	794164657390
691039228484	691039228484
160933982293	160933982293
1061691137933	1061691137933
754678686203	754678686203
491544172903	491544172903
702908492256	702908492256
367879109305	367879109305
119168600780	119168600780
410273417310	410273417310
83893664762	83893664762
131059273182	131059273182
809630846042	809630846042
504140672161	504140672161
1080938331736	1080938331736
379902131993	379902131993
578152572591	578152572591
136848544618	136848544618
849413048965	849413048965
327820433652	327820433652
41666443488	41666443488
1018062895071	1018062895071
702230982514	702230982514
436159562648	436159562648
934519641343	934519641343
773625097548	773625097548
209501960923	209501960923
982215821130	982215821130
1042315889802	1042315889802
1097749876460	1097749876460
988429768593	988429768593
48336908035	48336908035
1031546851641	1031546851641
452551012412	452551012412
972921444209	972921444209
352490221022	352490221022
1011221793710	1011221793710
317791062697	317791062697
275828037637	275828037637
404033396877	404033396877
503862510759	503862510759
791949251687	791949251687
457601004588	457601004588
5424448722	5424448722
61646224780	61646224780
805733629761	805733629761
525627006209	525627006209
1021392805602	1021392805602
174241776563	174241776563
1099035587102	1099035587102
587081007227	587081007227
813539584496	813539584496
269398670827	269398670827
529288719636	529288719636
157930009687	157930009687
72165833712	72165833712
882474399011	882474399011
1010867050779	1010867050779
532858943829	532858943829
48048001492	48048001492
280037292150	280037292150
33872349759	33872349759
420751686140	420751686140
277487642408	277487642408
873669302416	873669302416
222520430606	222520430606
1091260052102	1091260052102
316758271241	316758271241
189940888483	189940888483
262364223897	262364223897
670362440050	670362440050
494522279547	494522279547
252143934169	252143934169
1010301386760	1010301386760
263668524996	263668524996
634261384640	634261384640
308633738292	308633738292
1008853559285	1008853559285
538049077465	538049077465
546279315504	546279315504
818407192077	818407192077
80013404190	80013404190
466510142415	466510142415
933826031392	933826031392
926346355030	926346355030
83088931573	83088931573
292039358519	292039358519
1007716203745	1007716203745
623682906458	623682906458
477684438074	477684438074
972276158489	972276158489
1075019150216	1075019150216
600320713665	600320713665
904009706328	904009706328
308509070450	308509070450
461544931124	461544931124
71390747754	71390747754
196266775813	196266775813
1053604141186	1053604141186
193520041129	193520041129
290044270105	290044270105
708076850612	708076850612
1092868766649	1092868766649
754788471062	754788471062
868479575802	868479575802
807016153929	807016153929
624164528928	624164528928
795725629783	795725629783
861228400571	861228400571
65167034649	65167034649
787083032784	787083032784
983904810242	983904810242
1071748648798	1071748648798
285925954681	285925954681
1060399007713	1060399007713
394453683613	394453683613
871020041642	871020041642
802537834196	802537834196
840778263052	840778263052
1067955970631	1067955970631
620988507067	620988507067
347602266166	347602266166
36463788780	36463788780
648886300026	648886300026
1041169742287	1041169742287
705921617978	705921617978
269032051526	269032051526
FAM958881	473837486833
242872465344	242872465344
456096576230	456096576230
1086236060362	1086236060362
748651648504	748651648504
804692217158	804692217158
644111694948	644111694948
770369691719	770369691719
965793907507	965793907507
194091771752	194091771752
398252349812	398252349812
583194217654	583194217654
181235988657	181235988657
795738047880	795738047880
879008108459	879008108459
574425631571	574425631571
454175877201	454175877201
191982388180	191982388180
481600713919	481600713919
168779441161	168779441161
22692274643	22692274643
746523909142	746523909142
1036256822684	1036256822684
637912142996	637912142996
588748232264	588748232264
257959213568	257959213568
344853976269	344853976269
597178639173	597178639173
681586818418	681586818418
1018765838165	1018765838165
481026427913	481026427913
471467815793	471467815793
394526935930	394526935930
77152877116	77152877116
1086705223844	1086705223844
1021560003977	1021560003977
786126626558	786126626558
387321388906	387321388906
782171244363	782171244363
772078039488	772078039488
693909298181	693909298181
716269497416	716269497416
184677578854	184677578854
139540310671	139540310671
492244271629	492244271629
316784410984	316784410984
336365741593	336365741593
501260742012	501260742012
531582513093	531582513093
925004155555	925004155555
378475423208	378475423208
806260010764	806260010764
897153169007	897153169007
58446402791	58446402791
229401371495	229401371495
1072318018814	1072318018814
85805506181	85805506181
785306222286	785306222286
38894947187	38894947187
510656045981	510656045981
885676975919	885676975919
908176248918	908176248918
638521431500	638521431500
17855019689	17855019689
923586670970	923586670970
348219054761	348219054761
837310488824	837310488824
1069213461012	1069213461012
320149913374	320149913374
657972112836	657972112836
513654691800	513654691800
746393354579	746393354579
818766434942	818766434942
791709698344	791709698344
FAM753608	817646868857
485004811165	485004811165
423935674606	423935674606
102567347174	102567347174
372727676701	372727676701
47871251432	47871251432
664561109956	664561109956
722051577229	722051577229
842063546952	842063546952
66123613874	66123613874
80975653306	80975653306
1071598790891	1071598790891
399415693958	399415693958
687319391348	687319391348
19700705446	19700705446
384327060593	384327060593
796966230019	796966230019
746338580496	746338580496
441283174495	441283174495
975662551616	975662551616
258417547614	258417547614
602161121051	602161121051
499643127806	499643127806
487829909103	487829909103
313662917671	313662917671
18947756841	18947756841
709254754379	709254754379
317840190782	317840190782
134501048958	134501048958
340645137592	340645137592
688723408683	688723408683
188636155783	188636155783
6419696174	6419696174
541819886107	541819886107
328654204905	328654204905
502381948937	502381948937
722177323166	722177323166
353842063064	353842063064
756991785952	756991785952
180740473603	180740473603
346539647527	346539647527
531175497998	531175497998
29106831282	29106831282
156232812359	156232812359
193021009677	193021009677
305352660636	305352660636
968559437727	968559437727
841780371895	841780371895
1016005262418	1016005262418
515476688633	515476688633
687698832347	687698832347
812693733983	812693733983
629742660744	629742660744
553118789768	553118789768
64875519574	64875519574
FAM1426	298884118747
31302626180	31302626180
645077976327	645077976327
600501491384	600501491384
322068148176	322068148176
1002231674416	1002231674416
454714937645	454714937645
572008752861	572008752861
353591335892	353591335892
342844361641	342844361641
350840253751	350840253751
75092840841	75092840841
173212669618	173212669618
413323220036	413323220036
24904569096	24904569096
977776180791	977776180791
723546842764	723546842764
271054708203	271054708203
1074656761842	1074656761842
383083700389	383083700389
531708405286	531708405286
985435719726	985435719726
713524559654	713524559654
672608260815	672608260815
955715082865	955715082865
262065667756	262065667756
258701092367	258701092367
212493027157	212493027157
455297579780	455297579780
1067987192998	1067987192998
633732315167	633732315167
928503564561	928503564561
1060244308316	1060244308316
41209989509	41209989509
891627115698	891627115698
118315173905	118315173905
748947020953	748947020953
542658982391	542658982391
1037767904840	1037767904840
884500291178	884500291178
408855324449	408855324449
160288912869	160288912869
573164753870	573164753870
696088448530	696088448530
979427563484	979427563484
259254191037	259254191037
63080098512	63080098512
614413633962	614413633962
896698436203	896698436203
1064021072495	1064021072495
163664065743	163664065743
449359866073	449359866073
538463771155	538463771155
380254339915	380254339915
1060021440196	1060021440196
358398480435	358398480435
899191942329	899191942329
1079794232782	1079794232782
178473350999	178473350999
422499607952	422499607952
772011549844	772011549844
258380719622	258380719622
966086193037	966086193037
1046646133694	1046646133694
1051123296636	1051123296636
951399833901	951399833901
481362855616	481362855616
117348892407	117348892407
225268978602	225268978602
635561382860	635561382860
172703559147	172703559147
7275932557	7275932557
623055509851	623055509851
603722534968	603722534968
846371024358	846371024358
882471103977	882471103977
619196047889	619196047889
549578232679	549578232679
241416793097	241416793097
FAM386717	400011713591
706941596669	706941596669
984878501064	984878501064
325187820367	325187820367
74228210710	74228210710
424348397858	424348397858
587456446143	587456446143
254825875196	254825875196
275212558497	275212558497
805120630380	805120630380
165955109839	165955109839
507620485109	507620485109
656583857627	656583857627
452913583619	452913583619
939249378693	939249378693
779863791361	779863791361
92093049325	92093049325
992068867078	992068867078
610570706513	610570706513
658091308737	658091308737
588375662856	588375662856
321276091364	321276091364
301385333128	301385333128
750569502642	750569502642
1003297892763	1003297892763
817181217346	817181217346
156574023577	156574023577
250506897159	250506897159
442156079310	442156079310
1001177252878	1001177252878
2875696219	2875696219
963289368814	963289368814
32903113175	32903113175
609943023795	609943023795
33362155163	33362155163
407288900844	407288900844
92731220106	92731220106
FAM106378	820469947242
120621615250	120621615250
252099071807	252099071807
230548235474	230548235474
498272380087	498272380087
440077164700	440077164700
415516818255	415516818255
49042413980	49042413980
373916714591	373916714591
1090526873586	1090526873586
821234990061	821234990061
43123239441	43123239441
314281031016	314281031016
6450386194	6450386194
428042966976	428042966976
550711233671	550711233671
492890909314	492890909314
533412025914	533412025914
890199486511	890199486511
717609068778	717609068778
828869670358	828869670358
1091796909625	1091796909625
1034890561099	1034890561099
445873093828	445873093828
566696819012	566696819012
160483429663	160483429663
428670908171	428670908171
177330762470	177330762470
655112154823	655112154823
181860671657	181860671657
656916586889	656916586889
123681724008	123681724008
162223324051	162223324051
1082784671081	1082784671081
894627635912	894627635912
149992915511	149992915511
130628084921	130628084921
829609561366	829609561366
432656724319	432656724319
608275616000	608275616000
6975589484	6975589484
236180487550	236180487550
465081935044	465081935044
928489815706	928489815706
790130962577	790130962577
984263555505	984263555505
523456160200	523456160200
458357173640	458357173640
56192024916	56192024916
116452957629	116452957629
1007359577006	1007359577006
1087225285278	1087225285278
361454446423	361454446423
1096830743521	1096830743521
115241162880	115241162880
275903964390	275903964390
62504289761	62504289761
1014612287584	1014612287584
407057952093	407057952093
668563743093	668563743093
494694011639	494694011639
464097811143	464097811143
527907349268	527907349268
688347259674	688347259674
398001430089	398001430089
276091392833	276091392833
878359258224	878359258224
538572940907	538572940907
418785593932	418785593932
748199407847	748199407847
1028226289759	1028226289759
747260288790	747260288790
622491612324	622491612324
605360655489	605360655489
832729019430	832729019430
1016256075368	1016256075368
941083537898	941083537898
395711819181	395711819181
475517762867	475517762867
440760756728	440760756728
755118097656	755118097656
FAM169850	70531088898
1082363130296	1082363130296
814798426193	814798426193
266111195715	266111195715
1077848739629	1077848739629
350864401470	350864401470
662607840992	662607840992
814015187318	814015187318
412163628121	412163628121
614057768459	614057768459
569576077085	569576077085
396891006569	396891006569
403912412120	403912412120
838251679750	838251679750
808804794960	808804794960
980514485362	980514485362
924325945449	924325945449
135045935197	135045935197
592900287538	592900287538
385012238383	385012238383
796218050180	796218050180
453883981094	453883981094
685787291713	685787291713
390663644796	390663644796
92816818083	92816818083
434668029996	434668029996
1089420482169	1089420482169
526521676452	526521676452
735821692162	735821692162
376014489327	376014489327
423290112535	423290112535
122909736879	122909736879
181901269428	181901269428
1066354783280	1066354783280
1025903600710	1025903600710
721845808839	721845808839
261493827911	261493827911
1065610998607	1065610998607
449864235217	449864235217
364493247574	364493247574
1043282959385	1043282959385
536830977592	536830977592
590244235353	590244235353
201258651688	201258651688
853639447619	853639447619
1036814309412	1036814309412
644346402160	644346402160
585860278491	585860278491
621618889926	621618889926
15768729963	15768729963
695112988196	695112988196
244214098423	244214098423
1011087589641	1011087589641
568109451023	568109451023
819472896238	819472896238
952555939161	952555939161
114955125373	114955125373
1010684772800	1010684772800
170897511452	170897511452
1055040375939	1055040375939
21810331410	21810331410
1008660079481	1008660079481
262946000128	262946000128
586793108734	586793108734
474220927858	474220927858
67458929721	67458929721
1002691198688	1002691198688
527307741767	527307741767
610720453121	610720453121
284447897471	284447897471
783717181411	783717181411
70084484173	70084484173
825824517891	825824517891
819774641977	819774641977
691852674426	691852674426
576494430730	576494430730
217595980475	217595980475
424507709268	424507709268
170612191623	170612191623
247879180038	247879180038
191896406852	191896406852
1073879556913	1073879556913
404637735035	404637735035
58102395601	58102395601
108323797019	108323797019
493607420739	493607420739
619550780740	619550780740
FAM74990	294445681363
1077602939287	1077602939287
695577989064	695577989064
198123041887	198123041887
305633244324	305633244324
522777089630	522777089630
892330478608	892330478608
1083806100286	1083806100286
127521863643	127521863643
748126646684	748126646684
515517054945	515517054945
FAM620952	704246332545
581346087384	581346087384
555720163493	555720163493
411618426335	411618426335
1176811847	1176811847
426687267195	426687267195
433997176799	433997176799
976690067035	976690067035
373032680434	373032680434
346356534894	346356534894
645636813745	645636813745
852294435169	852294435169
597336020187	597336020187
527200999768	527200999768
979384004996	979384004996
258257087232	258257087232
1070259366095	1070259366095
6486963977	6486963977
647350023261	647350023261
194191011685	194191011685
405036497248	405036497248
129998116915	129998116915
714753933204	714753933204
473974575496	473974575496
75372702290	75372702290
410996045513	410996045513
733538650926	733538650926
706580534724	706580534724
987748520098	987748520098
256551249885	256551249885
462269763511	462269763511
132229862585	132229862585
679459329455	679459329455
871372315396	871372315396
862864707604	862864707604
446491720506	446491720506
352682533455	352682533455
59487438075	59487438075
1037712143539	1037712143539
987085490278	987085490278
406940262330	406940262330
922277076971	922277076971
122068871367	122068871367
769357496196	769357496196
838382070235	838382070235
270436990209	270436990209
699858062422	699858062422
509960021448	509960021448
278784349623	278784349623
77558206746	77558206746
444975579186	444975579186
218191533302	218191533302
890241108040	890241108040
776932199189	776932199189
376459856557	376459856557
493191114596	493191114596
682744122357	682744122357
951459820899	951459820899
483462987757	483462987757
900699761779	900699761779
1060626411041	1060626411041
212333075442	212333075442
122611416101	122611416101
977896077105	977896077105
988916860223	988916860223
922928773503	922928773503
749143511899	749143511899
797627185091	797627185091
913965145780	913965145780
713450333175	713450333175
168900569970	168900569970
6134015810	6134015810
FAM250856	390849184818
633028326981	633028326981
704802728775	704802728775
111437008767	111437008767
830437598220	830437598220
253543333731	253543333731
822314628067	822314628067
740471822581	740471822581
200035417319	200035417319
1082128291810	1082128291810
379877356676	379877356676
723306938147	723306938147
649978511009	649978511009
180114073802	180114073802
403578815926	403578815926
287419928211	287419928211
138974608764	138974608764
543089945517	543089945517
523634051039	523634051039
987680415930	987680415930
193426412413	193426412413
904528181650	904528181650
951483242615	951483242615
811096725022	811096725022
672940908948	672940908948
576192723685	576192723685
100941648048	100941648048
1024814973691	1024814973691
950897126152	950897126152
426140469648	426140469648
202422036954	202422036954
10625464402	10625464402
653805582918	653805582918
1055652454120	1055652454120
687670759663	687670759663
628690440536	628690440536
656247168329	656247168329
878871466760	878871466760
192169881511	192169881511
376057378759	376057378759
370877903386	370877903386
6356046469	6356046469
731425902253	731425902253
164527059807	164527059807
769948965931	769948965931
429764325537	429764325537
877443667717	877443667717
206066815752	206066815752
183503721683	183503721683
34053125117	34053125117
297433727534	297433727534
72250222424	72250222424
42412309794	42412309794
738724263846	738724263846
290110056550	290110056550
267750014993	267750014993
1053147902770	1053147902770
125425058246	125425058246
864375203960	864375203960
519830524847	519830524847
307210916640	307210916640
552104581458	552104581458
691059874312	691059874312
714843495354	714843495354
578511163273	578511163273
332952191287	332952191287
846267592533	846267592533
515754654087	515754654087
1028026092790	1028026092790
136207462987	136207462987
465138124547	465138124547
FAM142555	477176475700
311210810023	311210810023
384667317819	384667317819
360223102365	360223102365
869864939933	869864939933
383348780615	383348780615
465370338679	465370338679
900274379591	900274379591
348014964884	348014964884
773442379864	773442379864
475241098982	475241098982
754690617563	754690617563
783936878225	783936878225
956935481157	956935481157
795408905672	795408905672
77657474020	77657474020
570132962019	570132962019
1032192886216	1032192886216
641976102029	641976102029
849415252082	849415252082
633541904700	633541904700
683832346461	683832346461
146192744742	146192744742
753636802986	753636802986
284720613621	284720613621
315745414915	315745414915
83470354211	83470354211
203874458250	203874458250
818094665170	818094665170
762401734982	762401734982
793188094645	793188094645
459240739001	459240739001
946034313681	946034313681
75744722717	75744722717
